89 50 04                      
B8 18 00 00 00
EB 05
B8 FF FF FF FF
E9 05 00 00 00
B8 11 11 11 11
FF E0
B8 00 28 00 00                
BB 00 11 22 33                
89 18                         
32 18                         
30 58 01                      
B9 FF FF FF FF                
31 08                         
33 18                         
89 58 04                      
B8 00 25 00 00                
BB 00 00 00 01                
89 18                         
B9 00 00 00 00                
F9                            
19 08                         
1B 18                         
BB 10 00 00 00                
F8                            
18 18                         
F9                            
1A 58 01                      
89 58 04                      
B8 44 33 22 11
B9 88 77 66 55
BA CC BB AA 99
BB 00 FF EE DD
50
51
52
53
31 C0
31 C9
31 D2
31 DB
5B
5A
59
58
B8 77 02 00 00  89 05 00 50 00 00
B8 68 02 00 00  89 05 02 50 00 00
B8 61 02 00 00  89 05 04 50 00 00
B8 74 02 00 00  89 05 06 50 00 00
B8 20 02 00 00  89 05 08 50 00 00
B8 75 02 00 00  89 05 0A 50 00 00
B8 70 02 00 00  89 05 0C 50 00 00
B8 6D 02 00 00  89 05 14 50 00 00
B8 79 02 00 00  89 05 16 50 00 00
B8 68 02 00 00  89 05 28 50 00 00
B8 6F 02 00 00  89 05 2A 50 00 00
B8 6D 02 00 00  89 05 2C 50 00 00
B8 69 02 00 00  89 05 2E 50 00 00
B8 65 02 00 00  89 05 30 50 00 00
F8
B8 00 27 00 00                
BB F0 0F F0 0F                
89 18                         
B9 0F F0 0F F0                
85 08                         
8B 10                         
8A 18                         
84 58 01                      
8A 58 02                      
84 18                         
B8 00 23 00 00                
BB 10 00 00 01                
89 18                         
B9 00 00 00 01                
29 08                         
2B 18                         
BB F0 00 00 00                
28 18                         
2A 58 01                      
8B 10                         
89 50 04                      
B8 00 26 00 00                
BB 11 22 33 44                
89 18                         
B9 11 22 33 44                
39 08                         
3B 18                         
BA AA BB CC DD                
8A 10                         
3A 50 01                      
38 10                         
89 50 04                      
B8 00 21 00 00                
BB F0 F0 F0 F0                
89 18                         
B9 0F 0F 0F 0F                
21 08                         
23 18                         
BB AA 00 00 00                
20 18                         
22 58 01                      
89 58 04                      
B8 00 24 00 00                
BB FF FF FF FF                
89 18                         
B9 00 00 00 00                
F9                            
11 08                         
13 18                         
BB 7F 00 00 00                
F8                            
10 18                         
F9                            
12 58 01                      
89 58 04                      
F8
F8
F8
F4
