B8 7C 00 00 00  89 05 1A 50 00 00
89 05 2E 50 00 00
89 05 56 50 00 00
89 05 6A 50 00 00
89 05 92 50 00 00
89 05 A6 50 00 00
89 05 20 50 00 00
89 05 34 50 00 00
89 05 5C 50 00 00
89 05 70 50 00 00
89 05 98 50 00 00
89 05 AC 50 00 00

B8 2D 00 00 00  89 05 3E 50 00 00
89 05 40 50 00 00
89 05 44 50 00 00
89 05 46 50 00 00
89 05 4A 50 00 00
89 05 4C 50 00 00
89 05 7A 50 00 00
89 05 7C 50 00 00
89 05 80 50 00 00
89 05 82 50 00 00
89 05 86 50 00 00
89 05 88 50 00 00

B8 2B 00 00 00  89 05 42 50 00 00
89 05 48 50 00 00
89 05 7E 50 00 00
89 05 84 50 00 00

B8 90 00 00 00  88 05 32 00 00 00   
B8 96 00 00 00  88 05 33 00 00 00   
B8 9A 00 00 00  88 05 34 00 00 00   
B8 54 00 00 00  88 05 35 00 00 00   
B8 5A 00 00 00  88 05 36 00 00 00   
B8 5E 00 00 00  88 05 37 00 00 00   
B8 2C 00 00 00  88 05 38 00 00 00   
B8 32 00 00 00  88 05 39 00 00 00   
B8 36 00 00 00  88 05 3A 00 00 00   

B8 01 00 00 00  88 05 64 00 00 00   
B8 02 00 00 00  88 05 65 00 00 00   
B8 03 00 00 00  88 05 66 00 00 00   
B8 04 00 00 00  88 05 67 00 00 00   
B8 05 00 00 00  88 05 68 00 00 00   
B8 06 00 00 00  88 05 69 00 00 00   
B8 07 00 00 00  88 05 6A 00 00 00   
B8 08 00 00 00  88 05 6B 00 00 00   
B8 09 00 00 00  88 05 6C 00 00 00   

BF 00 00 00 00   

8B 05 04 60 00 00        
B9 01 00 00 00           
23 C1                    
74 F1                    
8B 1D 00 60 00 00

BA 30 01 00 00          
B9 00 00 00 00
8B C3                   

8A 0D 64 00 00 00  00 D1  38 D9  75 0B  28 D1  28 F1  B8 72 02 00 00 FF E0 
8A 0D 65 00 00 00  00 D1  38 D9  75 0B  28 D1  28 F1  B8 72 02 00 00 FF E0 
8A 0D 66 00 00 00  00 D1  38 D9  75 0B  28 D1  28 F1  B8 72 02 00 00 FF E0 
8A 0D 67 00 00 00  00 D1  38 D9  75 0B  28 D1  28 F1  B8 72 02 00 00 FF E0 
8A 0D 68 00 00 00  00 D1  38 D9  75 0B  28 D1  28 F1  B8 72 02 00 00 FF E0 
8A 0D 69 00 00 00  00 D1  38 D9  75 0B  28 D1  28 F1  B8 72 02 00 00 FF E0 
8A 0D 6A 00 00 00  00 D1  38 D9  75 0B  28 D1  28 F1  B8 72 02 00 00 FF E0 
8A 0D 6B 00 00 00  00 D1  38 D9  75 0B  28 D1  28 F1  B8 72 02 00 00 FF E0 
8A 0D 6C 00 00 00  00 D1  38 D9  75 0B  28 D1  28 F1  B8 72 02 00 00 FF E0 


BE 01 00 00 00        
31 F7                 
39 F7                 
74 02                 
EB 1A                

31 C0                 
8A 41 32              
BB 00 50 00 00        
01 D8                 
BA 78 0F 00 00        
89 10         
B0 78        
88 41 64     
EB 18

31 C0
8A 41 32
BB 00 50 00 00
01 D8
BA 6F 0F 00 00        
89 10
B0 6F   
88 41 64    

BA 78 6F 00 00

8A 05 64 00 00 00
38 D0
74 04
38 F0
75 17
38 05 67 00 00 00
75 0F
38 05 6A 00 00 00
75 07
B8 C0 03 00 00
FF E0

8A 05 65 00 00 00
38 D0
74 04
38 F0
75 17
38 05 68 00 00 00
75 0F
38 05 6B 00 00 00
75 07
B8 C0 03 00 00
FF E0

8A 05 66 00 00 00
38 D0
74 04
38 F0
75 17
38 05 69 00 00 00
75 0F
38 05 6C 00 00 00
75 07
B8 C0 03 00 00
FF E0

8A 05 6A 00 00 00
38 D0
74 04
38 F0
75 17
38 05 6B 00 00 00
75 0F
38 05 6C 00 00 00
75 07
B8 C0 03 00 00
FF E0

8A 05 67 00 00 00
38 D0
74 04
38 F0
75 17
38 05 68 00 00 00
75 0F
38 05 69 00 00 00
75 07
B8 C0 03 00 00
FF E0

8A 05 64 00 00 00
38 D0
74 04
38 F0
75 17
38 05 65 00 00 00
75 0F
38 05 66 00 00 00
75 07
B8 C0 03 00 00
FF E0

8A 05 64 00 00 00
38 D0
74 04
38 F0
75 17
38 05 68 00 00 00
75 0F
38 05 6C 00 00 00
75 07
B8 C0 03 00 00
FF E0

B8 82 01 00 00        
FF E0                 

B8 67 0F 00 00  89 05 00 50 00 00
B8 61 0F 00 00  89 05 02 50 00 00
B8 6D 0F 00 00  89 05 04 50 00 00
B8 65 0F 00 00  89 05 06 50 00 00
B8 20 0F 00 00  89 05 08 50 00 00
B8 6F 0F 00 00  89 05 0A 50 00 00
B8 76 0F 00 00  89 05 0C 50 00 00
B8 65 0F 00 00  89 05 0E 50 00 00
B8 72 0F 00 00  89 05 10 50 00 00